$ANSIBLE_VAULT;1.1;AES256
66336231303462356538653462663935646331616362313238383235303766393332356663643633
3238616433356364306261653935613962623831333331360a613539353965353966313761356633
36346537653063303262363939383435383130356336353639323261636334656539653733373932
3534326166333963340a303830396162653939306333363662653632633233383865666562326336
37643138663061646635363566643031646135666461326166636265346538646533613036393635
65343764646538636234633738643532646562373939376335353736396135663963313537323132
32633735613563363032323731333732396363656137396164313261313734356261353539653537
35353061306666386331396563353837633861613837303834373039623362383163313339323463
64353639623431623833663566393831306235643533333933663431376135323765373366616337
32636137336437616561346338646463343661386563396230313563306464633438356362346635
39323436326438323838303963346363623036646630653238626433343730386531373464346433
36363831366664633936633666393831346631323638313333613364616634313066316262393233
34343230346635663938333962353734386630646139616331626338313036653135306430666436
33303166353363383663353861643039653530383338373535366133306533656533386239313363
336166323262333338363764376533616338
